bulbul hakbulbul
cdsm;cd
jubie : 2021-08-11 20:00:30.887545
jubie : 2021-08-11 20:00:43.339446
izackush : 2021-08-11 20:01:41.630232
izackush : 2021-08-11 20:02:10.852752
izackush : 2021-08-11 20:04:17.347234
23you tachat44